data/rrl_sample.ascii
# %ECSV 1.0
# ---
# datatype:
# - {name: mjd, datatype: float64}
# - {name: flux, datatype: float32}
# - {name: flux_err, datatype: float32}
# - {name: band, datatype: string}
# meta: {true_period: 0.5802}
# schema: astropy-2.0
mjd flux flux_err band
60278.2911 3681.0315 36.57585 z
60283.2863 -1764.3602 13.710005 g
60283.3028 -2300.0173 17.559978 r
60285.312 2187.8438 28.773987 i
60287.1184 100.92697 23.158018 u
60290.2895 -235.33426 22.382057 u
60290.3059 -2714.4348 20.622112 g
60291.0925 546.45776 27.38656 u
60291.1096 2672.9253 23.64777 g
60295.1306 4244.068 28.945269 g
60295.148 3721.0884 29.6886 r
60302.2184 331.91617 26.304907 i
60302.2424 376.28482 23.359772 z
60302.266 42.819126 53.514748 Y
60304.2286 -3199.6323 35.56444 Y
60312.0515 1291.08 23.300508 r
60314.1598 5348.2026 32.72518 g
60314.177 7195.5586 41.530807 r
60316.1802 -79.45678 22.883102 u
60316.1966 -1227.2394 18.14554 g
60320.0622 869.64075 28.466095 u
60320.0791 4354.823 28.976837 g
60325.1599 -678.12915 21.093208 r
60325.1765 3747.5298 32.874794 i
60328.1344 5711.4077 32.89084 i
60328.1508 4899.034 32.74467 z
60330.0569 1075.4192 30.711386 z
60330.0744 265.83325 25.526377 i
60330.1273 -224.34439 30.020832 z
60330.1574 -651.7355 27.6418 Y
60340.1271 -1749.4338 16.324625 r
60340.1445 -2519.9438 18.01212 i
60340.1637 -1850.1324 31.17315 z
60357.0363 -3268.8816 24.170685 r
60360.0498 5352.5273 44.060825 z
60360.0794 4250.341 39.23081 Y
60368.0147 -2385.7073 23.2743 r
60371.0194 4144.018 30.05432 r
60381.9998 -2671.479 23.175156 r
60585.3694 140.38515 24.708458 i
60585.3769 114.58755 20.898317 r
60588.3414 -1037.4622 21.22912 r
60588.3595 -1417.1702 25.092325 i
60598.2678 -1233.0068 24.26929 Y
60599.37 -672.8202 21.630077 z
60603.3657 364.93164 29.628565 z
60604.3545 3950.6392 37.27987 z
60609.3493 -1808.469 21.438904 r
60610.3558 -630.83136 17.50865 i
60614.2664 3356.0127 27.972338 r
60614.2834 2203.4385 28.17302 i
60622.2321 2215.823 21.945784 g
60622.2593 6643.556 35.42706 r
60622.2863 6031.2046 39.584076 i
60625.2185 4695.6665 42.767815 Y
60626.211 -3188.5017 22.027803 i
60626.2281 -2923.7466 23.663713 z
60630.3115 -2964.2556 34.83666 Y
60633.2939 5980.948 39.338486 i
60633.3108 5899.314 42.7777 z
60639.2101 3453.9634 26.048407 g
60639.2269 3010.3552 26.631027 r
60639.2823 804.39453 18.74715 g
60639.2989 900.8309 21.990463 r
60643.1759 1540.8093 30.471369 u
60643.193 8398.507 44.895912 g
60643.2421 4756.874 32.12657 r
60643.2595 3143.7476 30.582024 i
60646.2935 4.3134336 22.982212 u
60646.3104 -904.4288 18.080841 g
60649.199 60.56605 21.228695 r
60649.2163 -359.82294 24.681627 i
60650.1228 1544.5546 31.204142 u
60650.1512 7442.5415 38.53512 r
60650.1804 4338.35 34.48624 i
60660.154 1554.5109 27.1115 i
60660.1708 1389.4783 31.645452 z
60672.0967 -1864.7208 14.565303 g
60672.1136 -1400.2532 15.645981 r
60675.0398 3994.0945 33.49914 i
60679.0551 -2994.658 19.651075 r
60679.0767 -315.79636 21.947498 u
60682.1279 3197.264 34.99072 z
60682.1444 2734.4065 29.063457 i
60684.0582 -922.22076 24.826124 i
60688.1692 -1046.1327 30.767668 z
60688.1857 -1106.0134 47.72974 Y
60689.0449 4672.208 28.951012 i
60699.0328 1660.704 22.677032 r
60703.1229 877.607 21.941801 r
60703.1396 307.47784 25.374014 i
60707.1182 2786.3826 26.264833 r
60707.1352 1817.5656 27.59203 i
60709.0633 -1593.6328 25.048779 i
60709.0874 -1650.1888 16.041523 r
60709.1115 -1903.8141 25.21977 i
60714.0533 2859.571 35.323143 z
60714.0704 2379.5288 28.477411 i
60715.15 4691.2363 40.739677 z
60715.1663 4077.1362 62.266914 Y
60718.1251 2711.9019 37.989826 Y
60721.0385 2459.7886 21.712921 z
60728.0344 1917.4006 17.833582 r
60728.0525 1099.3699 25.94921 i
60734.0201 -1586.3057 21.492868 r
60737.0381 -3017.875 23.799902 r
60737.0632 -2628.8235 16.80068 g
60737.0881 -2178.3555 22.664467 r
60740.006 -347.39343 18.216797 z
60743.0179 4220.615 33.050365 i
60743.0286 3713.6985 36.26434 z
60743.045 3235.9631 52.464584 Y
60960.3832 -2675.7258 27.675106 i
60968.3515 -837.80927 17.800467 i
60971.3536 -1621.466 21.696259 r
60989.3294 -1273.035 21.947786 Y
60989.3549 -1364.5995 31.598629 z
60990.2949 1279.156 26.209501 i
60990.3116 1308.7472 31.05796 z
60991.3457 4157.996 33.292133 i
60992.3322 -3374.632 22.567026 i
60993.3514 -1432.6207 21.109732 r
60995.3099 4189.031 28.62097 g
60995.3267 6505.4272 38.93528 r
60996.3122 -1787.9332 18.864645 g
60996.3316 -1725.1233 22.058725 r
61002.177 -2140.0916 19.200418 g
61002.1977 -3263.4749 20.249432 r
61002.2181 -2844.0596 26.583311 i
61007.2818 -980.89606 33.426502 Y
61007.3547 -1499.5486 34.46457 z
61011.1876 1430.9402 34.347054 Y
61011.2126 611.68506 24.983562 i
61011.2295 760.89154 30.536053 z
61011.2739 -609.13885 24.948689 i
61011.2907 -334.28067 30.298992 z
61013.2755 -888.87646 33.56176 Y
61022.1544 3005.7605 24.316864 g
61022.1709 2681.2576 25.45992 r
61022.2171 1071.2015 18.656673 i
61022.2343 1023.1743 22.001575 z
61023.1561 414.01416 24.611004 u
61023.1732 7399.1514 40.70675 g
61024.1431 -249.59122 21.032959 u
61024.1599 -1814.1173 18.55068 g
61024.2551 -266.81253 21.40546 u
61024.2718 -3067.412 24.328747 r
61040.0449 5311.322 43.578453 z
61040.0973 3608.7148 31.907684 i
61040.1142 3254.822 35.65169 z
61042.2237 -2569.968 35.768444 Y
61046.0531 146.73988 22.019108 r
61050.1341 -352.45715 24.666073 i
61050.1507 -132.7461 29.70716 z
61056.0911 -1674.5938 16.396414 r
61056.152 -229.2059 22.364506 u
61059.1355 692.09204 27.347925 u
61059.1521 6989.2886 40.841778 r
61060.0506 -1238.8395 25.681416 i
61066.0325 -3126.8333 35.410095 z
61068.1262 17.042847 22.719578 z
61068.1426 -265.0331 34.653393 Y
61070.1604 4473.4526 35.35968 i
61070.1768 5285.5327 43.333927 z
61071.1374 -1234.3534 34.69238 Y
61084.0316 -2441.335 19.997772 i
61090.0494 2766.4878 26.44354 r
61090.0659 1752.6725 21.218445 g
61092.0681 -1747.371 16.475836 r
61092.1231 -3344.232 28.262405 i
61093.0483 -515.1397 17.87006 g
61093.0651 -171.43314 21.108017 r
61097.0414 1607.0155 27.007406 i
61097.0577 1498.6191 32.519985 z
61098.0267 5326.842 42.39379 z
61102.1413 4732.061 56.929405 Y
61106.1001 -1623.5132 37.574844 z
61106.1162 165.84251 63.575535 Y
61119.0174 4199.1357 28.90409 g
61119.0346 3558.45 28.919525 r
61128.9997 437.35605 25.855818 i
61308.3285 23.904415 38.50652 Y
61310.3407 -564.95776 27.389675 Y
61311.3086 -1026.2484 37.12092 z
61311.3256 -1164.5657 56.515953 Y
61311.3288 -1708.9502 30.280483 i
61311.3563 -1381.3718 21.462221 z
61332.368 -2559.201 18.238356 r
61334.2567 3690.564 33.81348 i
61334.2737 3209.5854 37.19052 z
61337.2444 1757.8937 34.08877 z
61337.261 1415.6793 53.043453 Y
61357.3574 4212.8325 34.43209 i
61360.2986 9654.218 47.59407 g
61360.3243 7029.6 35.528217 r
61362.3175 -437.82547 30.420866 z
61362.3343 -1238.2234 25.155102 i
61364.2708 -2227.3157 26.439526 i
61364.2879 -1745.2043 30.833288 z
61365.3138 -1796.6178 18.645939 g
61365.3331 -1679.2498 21.881714 r
61366.3019 862.8603 31.144424 z
61366.3169 605.03534 48.903126 Y
61368.3075 -3052.1965 34.953777 z
61368.3212 -3147.9678 55.378635 Y
61378.1801 -3376.2844 24.747478 r
61378.1969 -2064.6245 25.557697 i
61379.286 -234.22444 22.143238 u
